3.733050983904402 4788.459179489449 1000
6 20
-0.05674951314945179 -0.9739157086531715 -5.230806409494148 -2.3290469254307213 -2.6466584332126435 -3.1323679009329672 -1.9188696625066375 
-5.7309776535911725 -2.617527600660731 -0.4694447264926566 -1.2035301725144179 -0.24880433696971896 -4.461633809156626 1.5704309870475632 
-3.739777807173569 -0.8317742845537017 -1.8847086900087502 -2.175428321864878 -2.16675916570425 2.1700366659689414 -0.4626364972324937 
-2.8853377461350003 -3.7382073416439416 0.3536724350773742 -0.7443897010167912 -1.2530909444396745 -6.015765028771458 0.9312411590332429 
-4.965166446586573 -0.3518855794279113 -2.7855272251515766 -2.2943182026409707 -2.6376404024904465 -0.7429600497200828 -4.449930038640901 
0.28481703848548817 -3.519522937883778 -3.6167426158996188 -5.921609982052144 -2.244284641232032 -1.9160629274294994 -2.6397818190045705 
1.361208042548472 -5.633198631436661 -3.412779525884384 -1.0624130221929635 -1.7949450092633905 -0.7646461317191635 -1.8447044436268976 
-2.4796585113102374 -2.0145507042041713 -0.586628350547548 -0.8808683308837036 -1.2217978124224846 -2.7544536415008807 -3.0036675222615847 
-1.6592183431253191 0.22073976575186913 -4.319883877372976 -2.7127133666950884 0.7543940610591169 -4.497085998833457 -3.441050066364502 
-1.2182153060426029 -0.5281252204979329 -0.568592399729414 -5.187650596902003 -4.133559648564804 -1.953837847758327 -2.638455225059405 
-1.291793111686121 -1.0576605724340407 -0.8713934429973192 0.022035414729228806 0.7445182793634096 -1.9633523447457286 -2.725583197902023 
-5.456158893071994 -1.6895181690410959 -3.3244211860257784 -3.1921550220518817 -0.9348677109649669 -2.1429235368389117 -2.2388128045914653 
-0.2501914077097707 -0.9965294603296285 -4.550170072813564 -4.06276129217733 0.4056426956488709 -0.771287756346888 -3.6139643468426894 
-5.0750315875147045 -1.9017750021683457 0.9285255272567654 -5.6386850364389 -0.6853023371792482 -2.83350969105435 -3.441953195726217 
-3.3624195790228844 -0.948876471376522 -1.6847474588567035 -0.9038241797858684 -1.0578780448840328 -2.663285325866252 -1.7431318873886317 
-1.2992072524231995 -3.1826442661370926 -0.8708925011827284 -3.8838648541178 -1.01836837285207 -4.323785906130501 -1.9067808776318176 
-0.5950330063358458 0.6777024587080801 2.613821811446635 -4.081322415828897 -5.721460628401791 -1.3931116516272635 0.245210846433731 
-1.9712751208044876 -3.435997401434064 -5.375694338200129 -1.4847671401085878 -2.5811403487477294 -0.6672352674504644 1.4996505455621205 
-0.47074352806527886 -2.937318024688478 -5.19385374148943 -1.7744002177934994 -0.5054919299439188 -4.023231773651712 -1.3952409110755712 
1.8415438448055093 -0.19018165054077782 1.575857842281686 -6.331650017416132 1.364444245695677 -1.923258986693744 -3.178069488557738 
-2.199683631123469 1.1525576679178895 1.7858737854057665 -1.2348724454282798 -0.4547076188704552 -3.073055395198257 -1.360194956311691 0.7535684645601645 -3.252380175747173 0.8264238952882125 -2.3325498126554893 -0.12922973956074438 -4.294272048611256 -3.9364446871435583 -2.2074597142288854 -1.9410005115873308 1.1647179288630503 -1.8986981603473483 -0.9318243577965339 -2.289503405641395 -0.23142360032557596 
